File	Label	Reads	Mapped	Percentage	TotalsgRNAs	Zerocounts	GiniIndex	NegSelQC	NegSelQCPval	NegSelQCPvalPermutation	NegSelQCPvalPermutationFDR	NegSelQCGene
D0R1.fastq.gz	D0R1	10166534	6088704	0.5989	12450	7796	0.7588	0	1	1	1	0.0
D0R2.fastq.gz	D0R2	11254893	6870138	0.6104	12450	3604	0.5879	0	1	1	1	0.0
IVR1.fastq.gz	IVR1	13822216	9480779	0.6859	12450	17	0.06248	0	1	1	1	0.0
IVR2.fastq.gz	IVR2	10083960	5817803	0.5769	12450	125	0.09433	0	1	1	1	0.0
XENOR1.fastq.gz	XENOR1	8675578	4385665	0.5055	12450	3232	0.4625	0	1	1	1	0.0
XENOR2.fastq.gz	XENOR2	7459972	3572586	0.4789	12450	3538	0.5264	0	1	1	1	0.0
XENOR3.fastq.gz	XENOR3	10107872	5097149	0.5043	12450	4109	0.5208	0	1	1	1	0.0
XENOR4.fastq.gz	XENOR4	7730752	3804463	0.4921	12450	5092	0.6367	0	1	1	1	0.0
XENOR5.fastq.gz	XENOR5	9814099	4974465	0.5069	12450	3667	0.5793	0	1	1	1	0.0
